0.00020584987108507573
0.00020411193973699724
0.00021565414775783873
0.00022124479600051515
0.00022133833715026166
0.00022647057681404492
0.00023276070220464574
0.00024247072890619148
0.00023963629062939134
0.00023855860240528087
0.00023512374044558904
0.0002345935120865455
0.00023460630894447422
0.00023937692734719062
0.00024345999100705307
0.0002420007346643801
0.0002424134502536424
0.0002474794346962577
0.00024528038300415824
0.0002442478110485431
0.00025550738873340227
0.00026200478728873234
0.0002614265538705257
0.00027427197103990563
0.00027223513714393375
0.00026422498943604413
0.0002635378060524567
0.0002705154811092652
0.00027640507483745884
0.0002715943796652664
0.00026630065740827747
0.0002698238131733234
0.00026675182161811265
0.0002610485077833848
0.0002567809446446469
0.00025502841126323915
0.00025041595158311323
0.0002580951138194749
0.0002653832255617905
0.0002658093556890863
0.00025990593709648526
0.0002645480823794763
0.00026900869718936277
0.0002657345116528861
0.0002608149910553293
0.0002685485781689862
0.0002649629971383126
0.00026693706558723516
0.00026472896706043227
0.00027042744007958416
0.0002726520303160422
0.0002713403394234696
0.00026908551995644266
0.00027497235271003794
0.00026439799290483857
0.0002600330160295664
0.0002560594917041499
0.0002574143050762578
0.0002564593026763899
0.0002536385326939768
