0.23010085374328743
0.2297312148647726
0.22861459853278454
0.22901448925398207
0.23146966741762032
0.22628867653637863
0.23001899220636657
0.22958946003792952
0.22673439283834973
0.22464514828373264
0.2276270151418971
0.23173581253267353
0.23137825900669473
0.22815974061410202
0.22836793628100982
0.22716075420167525
0.22874062244074428
0.23099258797030114
0.23098175449056715
0.22734421270792504
0.22894237257074534
0.2291136777300165
0.22894340679926917
0.23075673919830433
0.22603287387806947
0.22811185477635537
0.2315923839654127
0.2276028103783028
0.2309245262717947
0.22753456239783654
0.22456370626162359
0.22748934513237465
0.22881813835266074
0.23041324932784119
0.22792707989803745
0.22629066688110844
0.2309686134029882
0.2323001063079601
0.23218423361784396
0.2290307947480163
0.2264423173319411
0.23161266887785048
0.2288217250422226
0.22961770795111636
0.22847766582625256
0.22703201843930157
0.2286377054890109
0.22821220127819483
0.2322012738094061
0.22713565932708626
0.22775482358017543
0.22949456097163745
0.227972803786386
0.22679816671216135
0.22881543693062195
0.22791240777707178
0.2289979597047388
0.22881715854987209
0.22691568669748552
0.234458524420586
