0.9916742459323667
0.9920176146504671
0.9917287661638227
0.9915044576378275
0.991528102437612
0.9921969086913999
0.9911376219989751
0.9912228960518632
0.991972082699797
0.9913753198744101
0.99125548145249
0.9913137115312826
0.9914539570417467
0.9913185518816997
0.9912381858733094
0.9921412171094799
0.9919095091748965
0.9915241780723433
0.9919229132488767
0.992018609552734
0.9919813594642142
0.9918806009152527
0.9921843628470665
0.9919697072498634
0.9914071872992185
0.9922873977027719
0.9915197096224088
0.9922959545743807
0.992265010562975
0.9917896023926756
0.9920980460446531
0.9918833101470542
0.9919683724778897
0.9922353831748173
0.9917670785685089
0.9918063161115879
0.9918646686313963
0.9921400991723801
0.9910560155877698
0.9913059401146704
0.9920643649697579
0.991879349193256
0.9916661590282795
0.9920587164548513
0.9916711434731763
0.9917601447624733
0.9919042756948423
0.9922036478876158
0.9921471186110201
0.9920345556747473
0.9923858209324038
0.9919654157736953
0.9917356352654534
0.9921888509985135
0.9922323591118388
0.9919344794607556
0.9914102105440064
0.9923821583841727
0.9922415251793701
0.9916963851060286
