-0.9656543330764613
-1.7311806041238111
-2.2209737256230886
-1.73798013108587
-0.9027766644066079
-1.2298582693419815
-2.1260454032912373
-2.5457426571874926
-3.1259046813838656
-0.6342599668321787
-2.2419452533541406
-2.111699441718818
-1.5618918734206308
-2.055950807040863
-1.7650523349980043
-2.2521903259177654
-1.1390596209666333
-1.3917459757396042
-1.0386732771067886
-1.9655774287320935
-0.5325853699121549
-2.48151188907822
-1.294904454847064
-1.543817928068897
-1.580776596295866
-1.1838036610361984
-0.7663601360406369
-1.5315303380596106
-2.027536264372586
-1.6782247410058848
-1.9490445693968381
-1.9254843240324964
-0.6659864684779291
-1.0393755081511875
-2.9510816094201533
-2.7542539296411745
-2.127356085362135
-1.1175133960100754
-1.8782867824186968
0.31474845219191977
-2.3854001202099044
-1.6402489225623633
-1.5192550504092528
-2.4010054978594204
-1.56944802422855
-2.0435777302026787
-2.0095700657736644
-1.6737292763808775
-0.7631324604597507
-2.203833611924146
-1.0612934228827273
-2.49722386945986
-1.28212207295773
-2.788384340119885
-0.6640320933779289
-2.670882414204922
-1.2282175179098522
-2.048741068194495
-1.2316326961952433
-2.4676195880655336
-0.9657397146746018
0.2526935111813936
-1.5008392231618357
-0.7874070848597019
-1.5960791002196706
-1.6875368745392947
-1.6448831943756488
-1.0762909075832887
-2.704035780323805
-2.1309549332048245
-0.7579405950172642
-2.301957416574361
-1.5833944547238052
-2.526813185293975
-1.7701199079184675
-1.8982615385915327
-1.5837011943469994
-1.6050853898254949
-1.7857962726117085
-3.3288339722559543
0.48320508524802547
-0.9798855088964182
-0.6783329098800773
-2.665129655780817
-1.4633602700922133
-1.7573136253108366
0.8301734026147585
-0.4563023189902797
-2.6258693762736525
-2.2123464615088735
-1.294528949540252
-1.5893698318629863
-1.2355851022597275
-1.8704822748305905
-1.294139470399784
-1.1355436354389787
-1.001141694963862
-0.029908121259748878
-1.7518973221788061
-0.34492392156001744
-1.489606209937059
-2.8988037676682112
-2.3257387317934217
-0.8964124899289043
-1.00001274770554
-0.5654618742397943
-0.14667165870469778
-1.2960716733737367
-2.5280220820894677
-0.49132696799704634
-2.15739456563156
-1.4707621073152488
-1.0311382010798924
-1.5626951827208946
-2.535940539172163
-2.3709684459619704
-2.3629981401145814
-1.1499922489247754
-2.3991378442273628
-1.8555057364119045
-2.623588891808511
-1.248272657231875
-0.9316973740782545
-2.5044421407663653
-1.9167209371204086
-0.8286938658642377
-2.6032682795935798
-1.7012403106267706
-0.5274818138322066
-1.0935971003899825
-2.8071843435210324
0.31955873751816577
-2.293823266442679
-1.9322210668372901
-2.3635090996611052
-1.257040430886885
-3.7037353309720484
-0.7992555885225834
-3.1397919166151027
-1.1966570524727125
-0.8239798793022008
-2.198478327694653
-1.8082026184875313
-1.3901705922311043
-0.588273744110177
-2.959279520007582
-0.7950492420203915
-2.947009658802626
-2.5580406142287657
-0.561362267191621
-3.884967129659005
-1.376554895822089
-1.1992959394414247
-1.9006770992585462
-2.920892549911245
-4.302511768763622
-1.0423287635621725
-1.520047066318701
-0.41461343393728106
-0.6648423423076067
-3.0898344243754936
-1.9194340181044158
-2.239524734641113
-0.5642319511040984
-3.306984608601724
-1.4962620129203532
-2.5415411095309626
-0.7046012364665246
-2.773907105948285
-2.477590797401834
-1.5379937444190013
-1.282363641855283
-0.7210504825920167
-2.0506944561921436
-2.967133991867393
-1.102049454824397
-1.3794164453361462
-1.2162514013370493
-2.230097794939248
-2.0621445402781897
-1.5457152959127112
-2.581059253282753
-1.2901076956466944
-1.4658126600503594
-1.6065169963891797
-2.2929027089940237
-1.210717146866601
-1.0573556947555764
-1.8678041567933092
-2.2513936556872194
-2.1442577360854544
-2.811537232402792
-3.367533475823265
-1.235992262687403
-2.7652187545300735
-1.3212544440808356
-1.1949877927125685
-1.0853613515532106
-1.561883472451322
-1.7170392215998083
-2.0098122935697478
-1.953127369777065
-0.9633531661978203
-2.275718708316793
-1.766120750553428
-3.0301133794406523
-1.964484476040476
-3.048901058224823
-2.11137036983866
-1.636977296279535
-2.431458992241454
-1.8325163599246108
-0.465718475585664
-2.201068219890362
-2.178853650710288
-2.8540044186058573
-1.0123040404240713
-0.993498005027044
-2.104107123860547
-0.09685366741011052
-3.7176221091767125
-1.2660274212005933
-1.392782144455311
-1.1431763405923678
-1.4959013001546744
-1.9604747664687003
-2.1728065268487615
-1.6591085429579753
-1.884680368418925
-2.747650598815801
-1.5154140658621544
-1.2438583782099883
-2.524141992756967
-1.540102524706693
-2.709063709064291
-0.580645803537189
-1.8850590003399454
-1.3129820747783834
-2.032126454381014
-1.2415884862893203
-1.6818919263173657
-1.0834702530503
-1.0589761214290794
-2.2068552768217993
-1.6078352270506309
-2.8432158911250274
0.6038488855232454
-2.093360362110362
-2.8242467710196966
-1.2280643837601286
-0.6615247168307639
-2.403596066367657
-3.24416093925144
-2.4231791172412023
-0.8872365840281246
-0.7558383709730296
-2.1416290891395775
-1.4187120896824905
0.280827615050467
-1.3722690586195188
-1.6413334826027897
-0.8029157950888592
-1.8534853461921128
-1.2749870491840205
-2.500223900760474
-1.263837612160322
-1.9651379814951606
-1.6707418871773936
-1.6375410292593813
-1.3470672010879279
-1.3486164104869403
-0.6406024405409351
-2.0506895950795974
-1.6671365552431252
-1.3248227232895466
-2.3553333829348846
-3.287953238702232
-1.2708620311935073
-0.427318397115381
-1.0133939434534243
-1.737271962744752
-2.9197009724622824
0.1347039814351468
-1.7138706820479557
-0.9084844767928514
-1.3579183182044992
-0.8936836234172988
-1.8153318227785302
-2.0785457837639085
-0.23045926063938987
-1.9480663786973853
-2.9161767247848602
-1.2203923013438802
-1.0411849127000976
-2.364848704910136
-0.44233590662293104
-2.380711222854165
-1.240204491720091
-1.6622986603059013
-1.943123857457645
-2.062266015227142
-1.4243922149966084
-3.750807164768977
-1.671864056195451
-1.602053058076355
-3.4933755768071575
-0.5561741396521276
-1.816416266605285
-2.4887877128405185
0.4326493881221984
-1.64062968232424
-1.3305064816758605
-1.3862486196570003
0.18513418775134247
-1.805859530496282
-0.22831492232026473
-2.2869676744382383
-0.7244880240891148
-1.38909919569764
-0.5516440123172109
-2.2473907280049246
-1.7722127046924274
-1.0509728965645238
-2.6515202177032453
-1.1421129675282469
-1.6010113043846887
-0.6641935635102111
-0.15995485059377698
-0.581373856905765
-2.3646505785528062
-1.5825182691966158
-1.6149162901338525
-1.254791137560526
-2.551840338339524
-1.0416426993847472
-2.5373740763878527
-0.07098552404204994
-1.8438757042247578
-1.0319361565434073
-1.2030767315430264
-1.7714033838080923
-1.8839386503233666
-2.210775954738056
-1.8072390036437331
-0.8225420171000033
-1.4943492514634094
-0.8352684189182078
-1.4469487235744314
-0.30908518195450796
-0.710623031385786
-2.996657783422412
-2.7941427506462846
-2.152211215233416
-1.3677410918516701
-1.1774799484441711
-1.4925451455464347
-0.3247839660141019
-3.246773527044232
-1.1712505999569203
-3.1816594152648237
-1.374683081835513
-0.05068756224692354
-1.3365745824552173
-3.214120465580535
-3.2720554380868343
-0.00819255287795759
-2.0539782675530676
-3.1344648404198208
-2.4448035943862103
-0.9357298623944503
-2.006801961669834
-2.1363990172207226
-1.7030878714553908
-2.9889490441321325
-1.4078392606501515
-1.7133613253144608
-1.5333789351348182
-0.8664043279556459
-1.8295559963147092
-2.045937697943791
-0.9362195645890218
-1.8858592568564623
-1.3567892753009354
-1.3087637557388427
-2.400088492313683
-2.1417407257627126
-1.6417363262017666
-0.12639955731995434
-2.469713282366758
-1.695812765545278
-0.7336463261961554
-0.8206286501741018
-0.8516170252899997
-0.5843173838889332
-1.9003926770520343
-2.240171852416659
-2.556274050619427
-1.3117795126812675
-1.8545939026195537
-0.8586296295367621
-2.118262118220528
-1.434492260973453
-0.35394437278178037
-0.3220106469335266
-1.8826404565400041
-1.9151638946215093
-2.107024774214875
-2.1664482231703137
-0.3375074856286971
-0.5934807104933291
-1.9537594749990996
-1.2445408750485298
-1.9672792253409919
-1.855860622063733
-0.9385491733770837
-1.3021834693024215
-1.300112363163551
-1.9664954301681028
-1.926148589772901
-0.6092564592104296
-2.207818561399927
-3.200582380213209
-0.8472487392232033
-2.5878155891313503
-0.46733846092897197
-0.8355117052046594
-2.1237772306749796
-1.276369387943632
-0.8935743354504158
-2.466459696146615
-0.04367147588560261
-3.1234701248305377
-2.045287957998322
-1.4636352839125075
-2.5193367532310122
-1.5760577988415327
-1.348477432071985
-1.1899941191906738
-2.0658549828929695
-2.0501925749794645
-1.5349467380063289
-1.0528436321744075
-2.3381131661070302
-2.162921990518967
-0.23555953550031158
-0.7146622408100363
-3.8165757694640066
-1.6254079661510337
-1.1672892041405736
-4.290502089677009
-1.3539060969103
-2.0270175023915704
-1.8859162659980062
-1.411375069361754
-1.5009294658748826
-2.0302179597389443
-1.4820367159596906
-2.5251166746639306
0.5292126262772822
-0.9956439300857451
-3.5443975379991506
-1.754389436428391
-1.8481340495293272
-1.4652105646350126
-2.5141056466416267
-2.9727183380066746
-1.718886234332657
-0.582337452042282
-0.3879231918476221
-2.8356003676408372
-1.6548988249830956
-3.0187101998257906
-0.6637004048634493
-1.6795709757993267
-0.13940619270870663
-2.1721132990838283
-1.6870339019135532
-0.9373935208853059
-1.1600658949917544
-2.567671487204939
-1.5387296921279447
-2.2318896410305413
-2.053430064262154
-1.7944900226320073
-2.6912780166711787
-1.982379815288977
-2.9312489053898845
-1.8887286336301592
-1.786141805327344
-2.02583221675585
-1.1924717484890504
-1.2862069209019333
-2.5373345482929963
-1.69601833879517
-0.946140275513744
-2.001449770223255
-1.2851478474958793
-1.4593702428609654
-1.8456288850506426
-0.9551721526693215
-2.242930722442432
-1.4321920483916586
-1.0073885604765211
