0.5329379766674097
0.5366145729613162
0.536365085318198
0.5308089737575915
0.5352818669066584
0.5259101011794654
0.5341184462369584
0.5373531848743252
0.5290979471938575
0.5377470059264857
0.5359996106357776
0.534246747710486
0.5341380552243944
0.5308016036621587
0.5335704004783325
0.5300436921963037
0.5327084826051116
0.5265916436538405
0.5293932884644077
0.5300944526319891
0.5328362147070455
0.5294045862760424
0.5278236036772389
0.5335637830393166
0.5276611762266461
0.5337002619162721
0.5369368133372248
0.5322884901686842
0.5336253465746996
0.5396319733436157
0.5315254708509662
0.530877199663595
0.5302236850389996
0.5300875538210912
0.533733064088511
0.5344531658354011
0.5430052019164513
0.5281310581183718
0.5372204719645244
0.5294485748364929
0.5298194011319887
0.5314488318124835
0.5323230566986912
0.5375577824754363
0.5285280316241696
0.5353997418099291
0.5309056475637957
0.5290273699321406
0.5375526999283841
0.5356261999786823
0.5369226646388161
0.5266566231671113
0.5352605205147076
0.5314146097243841
0.5301307426642169
0.5303911268571382
0.5352090493340373
0.5313118972608724
0.5274004709326694
0.5353822588145374
