0.9902907210282447
0.9907005463895006
0.989969956228724
0.9898750873262527
0.9901352335686993
0.9907102330523347
0.9899016499802441
0.9894159069416051
0.9905297400359917
0.9899890694260545
0.9897577840650751
0.9894051151981355
0.989921284457385
0.990046641736434
0.9893249416873735
0.9909270355016356
0.9903508835476077
0.9900705057358531
0.9902344800207026
0.9901359202160251
0.9902131528616295
0.990179189872955
0.990649195661529
0.9905450250211297
0.9899732420352503
0.9902822634962215
0.9900912419322365
0.9907826717241434
0.9907754853917726
0.9898614286836477
0.9904971106617003
0.9902166742882259
0.990476048095686
0.9906833714986055
0.9900796513681815
0.9902859568829278
0.9902779907647399
0.9906889863129115
0.9896061238985416
0.9899953158341589
0.9904962790019243
0.9902977236603726
0.9899588145879885
0.9903421433711638
0.989576066809343
0.9901312964335807
0.9901620153518501
0.9906250384016302
0.9906082576524626
0.990376295686832
0.9907694359637779
0.9899383288866506
0.9898097215656448
0.9904582900605763
0.9906278156658346
0.9904888131494903
0.9901359703654905
0.9905808134076137
0.9901911845969201
0.990050325741784
