0.0004362935737120888
0.00043173278996816715
0.0004554916317652733
0.00046535539724951977
0.00046509686815681653
0.0004737971088505392
0.0004867125557596364
0.0005062352166275661
0.0004994840942344104
0.0004964721502581566
0.0004890703077232615
0.0004851099704852608
0.0004841631549664395
0.0004940371406841445
0.0005022297821700434
0.0004981876276075463
0.000497178935247321
0.0005047381233874222
0.0004988318257103113
0.0004949222381246299
0.0005164662805764742
0.0005301591707751244
0.0005264229349630596
0.0005506174338583845
0.0005457576529306575
0.0005268307144088838
0.0005241409929913303
0.0005370288972622097
0.000547550387221675
0.0005381954066729279
0.0005274848122447855
0.0005352063782946359
0.0005277930844222783
0.0005156604320525991
0.00050787547007987
0.0005031080764924808
0.0004932582558360999
0.0005077134825352027
0.0005216282519275547
0.0005235030656851682
0.0005128859314415534
0.0005204496322028921
0.0005306917732870042
0.0005238513613292553
0.000513034420857148
0.0005297612515109212
0.0005221122914064464
0.0005250328044068935
0.0005207623519067757
0.0005332903978368476
0.0005370113089345439
0.0005335651085232811
0.0005284394424636815
0.0005398499458483712
0.0005190300792449574
0.0005089888487294305
0.0005005337859258016
0.0005025861079063152
0.0004999911044163023
0.0004953800903624466
