0.8916593331829573
-0.3578410475909359
-0.9797379782913298
1.1860913015410792
0.9182793545690713
0.7507386047461744
-0.12156844132574274
-0.61054231995027
-1.2209130154264822
0.6936398547214698
-0.4862863151436722
-1.3473765421947308
0.491982832695219
-0.3979850199761949
-0.110725757460695
-1.2153930764667453
0.4693972994295519
0.26805524031837197
0.9632022810033894
-0.07017533228271082
0.8114245631825883
-1.4829628282993277
0.4390006959261138
1.0811512642430332
0.22440882527237144
0.0572263551603975
0.20973610527687997
0.133463590169884
-0.3516653120244735
-1.0603078876334777
-0.8728235708079324
-1.021218068912194
0.5170523737235787
0.7301558746270674
-2.186141249996187
-1.8420826999510378
-0.6572619003171628
1.2093294733413642
-1.039480698885142
2.676874991624145
-0.24399971602563061
1.211636695927808
0.7909773275570748
-0.8541364507534343
0.552598796590064
-0.6030396396270606
-0.12483836844334713
0.15927843832033617
1.0484937035679611
0.16266074314042575
0.719854729086623
-1.7243604004393296
0.3449653734770568
-1.9296665226360235
1.7995452741067453
-0.5184121664370955
0.45839455241143684
-0.14262408861961678
0.5354697176657937
-0.4395131278595432
0.27191788782878124
1.1746460782744859
-0.47376351837639913
0.18203325864216588
-1.3136748969782719
-0.8828281140872759
-0.1748034572700737
1.2397236958238491
-0.5999539969557994
-1.3115059437139844
1.2940642662107327
0.023963100080531655
0.0714648012257717
-0.945819904753104
0.8869364423027456
-0.7255821221794184
-0.10145167933303825
0.4317024279999033
-0.13544263915281493
-2.0217597356706007
2.422183688607466
0.4691839642802718
1.3316614241392584
-1.059667569009186
0.08663513026641681
0.2808685362986748
2.58450457120624
1.9144010123934387
-0.7466669362593699
-0.6462316509024871
0.7935911272269347
0.42954642560564466
-0.2876239642093913
0.15844013508112034
0.930715996448984
1.0288356942716799
1.7739654442737498
1.2507910939703881
-0.3238592596087493
1.7184786552109808
-0.5998351946185714
-1.8958994906686173
0.3864493899432949
0.9613336133644999
0.6431800062456237
1.4691272966529423
1.1669356012255805
-0.5744963480941772
-1.7395795613569
0.6240466495174568
0.24127484969684618
0.5823479228167509
0.8409148843563701
-0.5347333624590064
-0.6309525139910866
-0.3778721272261899
-0.9338350118527619
0.8923342601926939
-1.4396898371783553
-0.6207650288448119
-1.3870299799392067
-0.035999604494302694
0.4129419181160848
-0.20642139065435064
-0.21255807720825112
0.03667458603702852
-0.4207875208497462
0.13238964773202994
0.6066386139974542
0.7530223557163477
-1.2035160756603585
1.7203625846217916
-2.735648582296179
-0.4431071482236933
-0.44150410129338624
0.6216834799994119
-0.9949911113839773
1.176744399670788
-0.8726447014559096
0.48625098301738495
1.6616636147833177
-0.3613066221881365
-0.7564142078296803
1.0638761533393675
1.0056675525327246
-2.2363697044258064
0.6232962499944114
-1.2182938498673666
-1.1016493362132953
1.0723836933045867
-1.565542163664836
0.8669497894065163
1.7735353517245667
0.9339924428767366
-1.3581439403592346
-2.0291497766364155
1.5545526523485358
-0.11805759584803373
0.5449280929921324
1.1808214788474607
-1.0526136675867614
-1.9957794343887207
-0.2569671005803832
0.14482566582956863
-1.6797026122897818
-0.24579993162463953
-1.1150747108027061
0.24792432987863935
-0.6436466435158096
-1.1720427354385246
-0.6295012395043202
0.1831522276889789
0.9819878217902943
-0.027605903196846953
-1.5739540716982552
1.2669549783136889
-0.21114613556747963
0.2064389284217714
-1.4024015081270114
-0.7275223561449308
0.23987904143229952
-1.0981076832925216
0.9947327322417884
0.21747893398083507
0.14674313528739247
-0.9236487676162678
0.6252924390073619
0.603356234627638
-0.3814191852653099
-0.26850976760914264
-0.907510215514049
-0.6603253512311881
-1.967134599619247
1.1902877029538967
-1.4851594300935325
-0.9782147484730604
-0.5489799375663232
1.4648694546234906
-1.187965915536611
-0.30368317167574066
-0.27950663279625193
0.726760848647789
0.7412910557851837
-0.04215442519466705
-0.043492940912579915
-0.7603986014354317
-0.9018622081898303
-2.4166381120330165
-0.1272195458478725
-0.3348053738763509
-0.290637170445882
-0.033495445912567264
1.3530605395494901
-0.15889712203212633
-0.8912282054668631
0.03294121216054832
0.7228426088083395
0.9527347675664513
-0.051562823656109945
2.9824567212425936
-2.1092977405361872
0.44704946933464274
-0.21072674012359588
0.8901536728267933
0.041300600129082085
-1.1207822786111035
-1.1403220313145994
0.24488300130718194
0.7140145237271686
-1.3875885289059597
0.38004454326987197
0.76393950905052
-1.6634172153698323
0.8582125901834565
-0.08061457356604951
0.8343688124850809
-0.995266260937031
0.6967938988720651
-0.7087659345717989
0.9891132312838508
0.5267396428665024
0.3972069919568107
1.8700600145270052
-1.2631946110385708
0.20396424283102527
-1.1882124015507565
1.6283244537830568
-0.7030554050297037
-1.1276267288007547
1.097310526992996
1.4600883432230298
-1.807090632219168
-2.0308562136634962
-0.08348577355648137
0.9627710510202206
1.318802622050961
0.6495262847233693
-0.4026446260115417
2.74014997381517
0.2185792090010955
-1.0375476658014162
0.617078402094451
0.21230528969012016
0.6374003207456301
-0.6020108214170541
0.12173505678556917
-0.9379379175768618
-0.6962183365392226
-0.2095073114687671
0.5097245707866562
-0.12973010576564104
0.12435363354880197
0.40581247142638766
0.021731541380326205
0.923371373907806
-0.7466097491069559
-1.9612332166136592
0.26382390909619796
1.0008181851970677
0.839046724751863
-0.5784370213210139
-0.6967908533262553
0.8134056286102426
-0.0930592211146585
0.19771705176328386
0.7924251753670667
1.0340511155493752
-0.9778326561797843
-0.13674461344700728
0.7805397402597181
-0.6127125599549057
-0.882932343456388
0.9253899853962685
0.3453596706443105
-0.9449521500081525
0.5133368894197514
-0.48469889157990925
0.27472143892775674
0.03585075297531379
-0.23070361839364398
-1.142809918867572
0.1428291273879752
-2.3190761913957703
-0.6417491343228543
-0.4543561711411838
-2.5738275877687116
1.0472035055837607
-0.015360098167009008
-0.20342541254554145
3.363700770010953
0.521591979995521
0.7056791166134735
0.06261955117670064
2.061282122074789
-0.8186178622038698
1.26520607499552
-0.8885675494737495
0.9631373105755485
0.2669861900604178
1.6829998397600983
-0.7058799146193836
-0.11505715693575652
0.6535628791937171
-0.46823866092008215
0.5853256954510009
-0.4493172146385508
1.8650146211142675
0.9830835662466418
2.5759933672267903
-0.10280797422299703
-0.5181711757675599
0.4458789656132134
-0.5871827871673516
-1.5222939518739291
1.0462726707019565
-1.045840234290821
0.9260550815172301
-0.7637887435003436
0.47251309940703407
1.3736928700274498
-1.0715104952183534
-0.13626668491718116
-1.1191391506768449
-0.26290274218284326
0.7913012008050988
0.5320298169207113
1.9259935534853796
0.8595483241600673
1.0195407595573256
0.9074675075004627
-0.263738270490458
-0.7574185592096261
-0.44889722901878126
0.850230836269816
0.11815657183229418
0.20382937566476747
0.9229864851203841
-0.8170706489158742
1.399538884617673
-2.305360510585472
0.42055785077545016
1.0285212247850464
-0.1676434374034487
-2.0522315068587624
-1.3580889964348266
0.7864065808814834
0.12467094246383185
-0.45797421864442894
-0.5300938420360932
0.650533557870417
-0.45255146122686085
-0.8393765156204954
-0.6210974292912312
-1.8065252831543053
0.011276685026406608
-0.3581132178258161
1.0067610020275408
0.5034506018357013
0.6334371756137832
-0.9179141995509201
1.0036279925191396
-0.9063996542226626
-0.6192122869955097
-0.3844579688816097
-1.5232657401770073
-0.17653480598708654
-0.2805679083287733
1.339685318210969
-1.3174286854924515
-0.6174886012124233
0.39369377229731967
0.16413603735197765
0.9333218236817604
1.2255310071216117
-0.12061269664171914
-0.7397954204643229
-0.11410043602356694
0.14949148798061804
-0.26693476726026705
1.295502728802771
-0.7045873581149292
0.6319334387106792
1.6901787539203132
1.675252550911861
0.03033314841095235
0.3819928062096417
0.1071259065752674
-0.3294000317045873
1.6461363297645646
0.7802850076206868
-0.05315704435597963
0.31595643476926494
0.05207173015598663
-0.8501799381950944
-0.018218233835928365
0.4631283288318314
-0.2544393808113855
-0.6180849900559992
-0.4435831072516826
1.6340447598517474
-0.900343952298323
-1.4437617576168698
1.5527707811439597
-0.42611942045796725
1.6870336962574262
0.5556979846909129
-0.5426173896720248
-0.09078942253640947
0.9320614107464591
-0.3284598463399876
1.553540975275887
-1.1805346982014666
-0.4985542654702709
-0.035792739075665124
-0.7963222411000822
0.19835328493441182
0.41761157709395214
-0.8866910192502521
0.7850353072834272
-0.6889515591733535
0.996203475787799
1.2116771576567567
0.06572390474913764
-0.5173591242105203
1.7236620318201346
0.6438337494986468
-1.3554556082020779
-0.039263832262424754
0.36646040282342973
-2.867836675828912
-0.5536122415604849
-0.4626829943740542
0.9266335852759547
0.3620064891491718
-0.5098817258139307
-0.21453066815186772
0.8596642185967088
-0.43236099046145143
2.650722680771732
0.5977444345510504
-1.555818738620004
-1.1651012662304723
-0.4040890618872124
-0.2233375782031171
-1.1569636773684586
-1.369721142690042
0.7909874014228352
1.1267741559174653
1.3978663610675324
-1.1321560986979933
-0.10830763929646353
-1.5947445323585716
0.5589380635154768
-0.023393668728378822
1.4149960361698959
-0.6555714598510949
-0.006944100835009195
0.7682646505663462
0.9463109316278105
-0.4079828569379391
0.47351400958817935
-0.7881065286197155
-0.5214281266031142
-0.08800663291434695
-0.9511152464620329
0.006830358385111304
-1.7422888068559557
-0.6398376626570155
0.5774475197235993
-0.9316622411604255
0.44408013235129645
-0.3775263786017275
-2.170725865967448
0.10607141893629829
0.19911395388601258
-0.10202715471779221
0.24964497518948955
-0.04571485261573802
-0.36178484764625735
1.106992654514728
0.17152293966438215
-0.32426421595733423
-0.08011264375257952
