0.03104324862036352
-0.36214066918908877
-0.5553817128028747
1.2722908634502783
-0.46033540366046144
1.1145474123716532
0.744099324288443
-0.4571962120265027
-0.8179527090413564
-0.48592552162156827
-0.21404058912870597
-0.687253912366901
0.33240690976827997
1.1408875337850308
-0.2586726291154298
-0.6943505240338026
-1.6071115968690621
1.0260811984264944
1.8792067964040235
-0.5558580777390089
-1.141868282738717
-0.6381742368833453
0.5866854983439614
1.3661650618575927
-0.745062114000461
0.09602841199231714
1.073452130854165
0.5518881091945991
-0.3734600359363865
-0.9340206436137143
0.5047938193083054
-1.1975903406265365
-1.1419216895205728
-0.7504273949324681
-1.0139820396801826
-1.0490174162796986
0.9058166792994463
0.04643657300121542
-0.7860621922052117
1.1705066878197494
1.5713267359179968
-0.2677790247772155
-0.12206367811172528
0.2494788865525083
0.5142337283368937
0.3421176406927455
-0.09025827836606949
0.8085508093950668
1.0020440183805899
0.5570866037346037
-0.428342140239642
-0.15373231894460582
-0.13709596864944526
-2.982211851779597
1.0156713505816064
-0.9258503944804346
-0.2188699393783216
0.19332909750024335
0.7940681244681742
-0.5971014467722928
0.3603557527091616
0.49952390913346495
-2.538970184098147
1.233344031775386
-1.7633372925556428
-1.5961444212944464
-0.9018553623980265
0.8635092873654696
0.7630082281267992
-1.6338094619667554
0.3178076329152546
1.3143002304264533
-0.20338616941081986
-0.7149247076476604
-0.7109539437964314
-1.5295991659567019
1.0974561874371112
-0.09545747965580532
0.6008813234821814
-2.064023416520171
0.4366625349881033
1.535728375517167
0.2658719391220131
-0.39562928645150613
0.44028734272139813
-0.6096192289480569
0.28300664059491604
1.3165526517589183
-1.0772090267529544
1.0035672796301898
0.7473420128195672
1.2858333098406778
-0.48760373213096253
1.2214322383341787
0.7406122812431201
1.2529187537341628
0.8983832606956679
1.6371374605675386
0.17257652751909125
1.181126976203107
-1.3242130380808064
-0.8201122339438426
-1.4585078598970151
0.8867907782353727
-0.5678482744873049
-0.7778412535627616
-0.4506946540590382
0.26028508923205396
-1.705507609852007
-1.75134928091105
0.5584518211706223
0.8098699869087104
0.6443670887143904
-0.4086459711311925
-0.6054502211102487
-0.31519943030964065
-1.1648131061997835
1.3542635198022117
0.4712352688158046
0.2662442398329374
-0.3429521399277025
-0.752302120719046
-0.6531111527897402
-0.2935440825417126
-0.8894255151263372
-0.013715724405058742
-0.26579080609352407
-1.417479209761114
0.5262258912841876
1.1872722998193292
-1.751461848551394
-0.03740035962487397
-2.437449438943563
0.4854598509187913
0.29061806395672823
-0.22783164706662024
-1.7630450714291068
-1.150348965852279
-0.6262955787425841
-0.20524832663997272
1.047211592793022
0.31899145250989286
-0.20785096005486006
0.37240784372228963
0.40162833057809216
-0.05707889174609497
0.8807591354698159
-1.3658927350680692
-0.7578710408291137
1.7414891495544005
0.42154833909559025
0.1435662064617725
2.402524155883362
-0.02010837375133332
-0.09345429464900988
0.12206512183911186
0.4839770619485934
-0.8071254719338041
-0.4523421179984402
1.758353238621386
-0.8430919930191824
-1.904762179426305
0.2768230187255203
0.9575466040834286
-0.11446851621857318
-2.0629969637891454
-1.93248325953212
-0.8976403372469837
1.3974388015318044
-0.4687559988325497
0.1765346345634629
0.7880384315173253
0.3334551922471388
-0.6915551136537957
-0.5097750588477029
1.4447864083633084
0.32417547280290904
0.589051281118404
-1.97522416200245
1.4461451401748049
-0.26326585296658417
0.155921480760845
1.3255291235572277
1.1257666044140973
-0.8047855423680974
0.6144183256914016
0.45725126411844436
-0.08106860211075134
0.18167095335637531
-0.10342203468498551
0.4846055941738761
-0.04404091533484715
-1.602145025139954
0.20238657518879774
-1.4241019505164971
-0.6924856647082579
-0.18375978514940314
0.7741888499214719
-0.12135683761527852
0.8833026387792003
-0.5981367164657905
-0.15161888623161343
0.4453314891522693
0.29005281452004333
1.2108886861971309
-0.3894082847195373
-0.9446635251971813
-1.413522604665991
0.23650451340248035
-0.11920659634373211
-0.7249234947958076
0.20363432029943324
0.830628151484546
1.9301753629757545
-0.19616260159651136
-0.15606529164573504
1.3856604188911168
-0.11591451397662374
0.24048270547013859
3.0242396714303434
-0.43704464293604056
0.5480880537893639
-0.041357770961043566
0.1411665661526531
-0.4342668995147078
-0.9349093330483204
-0.7994915657200854
-1.136916878909911
1.0025160830259192
0.4052954558608333
0.9585160169315436
0.2604198603012883
-0.7979590160247773
-0.05712014831047783
-0.4893969136513162
-1.0560314005569027
0.1865726545913127
0.8365213091689071
-0.6009157115584689
0.5177670860856199
1.687226991836825
0.660279136434296
0.02866652808275778
-0.7103931140330297
0.7512888454808114
0.3873609326125295
2.308105328202202
-1.7160353430857411
0.5167179611202602
0.6723629785951596
1.1909292692614004
-2.239854056204464
0.33512059311721043
-0.5260478762181673
0.8938346864316834
1.80875659140154
0.8963690906320104
-1.4858256028311692
0.6544041261103748
0.9495673593879018
-1.6610756280004244
0.2724903655034926
0.0058099319752712725
-0.03598244072586667
0.4721412102949172
1.1820685388822758
0.14648572583496045
-0.48729652106969445
0.24730876479372352
0.22797611713382063
-0.35506141260773744
-0.5282880021694663
0.11758563707418455
0.04678266524106126
2.0538670894944633
0.37665420679262696
-1.7295901591148526
-0.4537557609142508
0.15119983007603482
0.18141832595523458
-0.6400680052741731
-1.06694546174584
-0.07590133203799192
1.9681237516467858
-0.2600880400255959
0.8009489741264212
0.43501428548650667
-0.7110490679556883
-0.5108584940309397
0.8381340021500551
-0.6159643990414868
0.7556648244668923
0.5855035257632459
-0.8236042302856769
-1.2645836408690356
-0.08391857893563597
0.3645749491949003
-0.14275943055798423
-0.4837775396603839
-1.5400575842747584
-0.8423693206883486
-1.5068107912032935
-1.6864174197426085
-1.1835625759080965
0.2654517749540158
-1.960108896627768
0.1416637578935803
0.04763061332587817
-0.21572569765090793
2.102712186417654
1.886509196565927
-0.23740286154736617
0.28189390986205215
1.20612630864792
-0.6824709298671713
1.1609619252246666
-0.5152276930829938
1.2321317145060253
0.24782471322267494
2.129622430765216
-0.20931372959526826
-0.7656617628553826
-0.21654538301409215
1.223106619548257
3.0305374569237475
-0.5492227353931948
1.196783381514514
-0.08570205068480193
1.6495222366506863
-0.17456317280348213
-1.4323023162931323
-0.749631482270558
-0.09908826017871614
0.25732047732477303
2.351746181486185
-2.534718366068612
2.5221383041538945
-1.8919735575642889
-1.7892739847945973
1.7792635939920307
0.4098670941269899
-0.41220228726027663
-1.738122722915534
0.514868406602145
1.1052782691203542
-0.007271295328371712
2.079395152359982
1.0977925224980305
-0.021588863514420006
0.46541262990732724
0.6415434473760107
-0.5895930648397156
0.6462944961713084
-0.03160298004090187
1.250910259220343
-0.7191806003829633
0.3889620077231802
1.256586785313702
0.27375485840618463
-0.2203269031774517
-0.2993357310111627
-0.23806532395126684
-0.1534381008752488
-0.6070903150024002
0.5312090536339918
-1.2020307072898397
-0.4586810648537268
0.7348764684603859
0.18480382315086552
-0.7353052020294552
0.5305079287370127
1.6223604677893406
-1.0461197376159612
-0.7663248104148718
0.3561989320173226
0.6367069798381471
-0.09588215636130622
1.0947071819852956
-0.11513325385951775
0.9752407515674545
-0.20163853628163764
0.20524938505870888
-0.37683196887992937
-0.9798846113273578
-1.8782493610391608
-0.9086081831874666
0.8126357970606362
0.764101038404511
-0.3221516662538061
-0.6102637579712394
0.8613337276451426
-0.12945233661606995
1.1753168340787137
-1.6047106491104606
-0.3533008570797084
-0.6155632162542395
-0.2585286381621427
-0.419854161252884
-0.4423236546139649
2.13822238129059
0.6383422199978154
0.5816158383898833
0.7297929548309747
0.2671350173800608
-0.6586935103964493
0.8657776405944088
0.4000362442511637
0.276047880798978
0.6536857785609335
-0.9469121840171585
0.33837691310354273
1.6256648494912367
0.21015242690730357
1.0097166078366342
-0.8129373568087584
0.37257240151590376
0.15448001524511829
-1.9733451688654495
-0.40134617662813726
1.351659297189796
0.11353947506695437
-1.9508988240514196
0.6555295484640956
1.383851199010348
0.24667620677893662
-1.0151705172324708
-2.242763607276572
0.5774027477864545
1.7162137131691748
0.3883915066044404
1.737974119523562
-1.12793302652732
-2.2147782777791547
0.36184607190513
-0.846570537837717
-0.2536810827540813
0.19873973421057103
-1.7516924203673112
1.7540302074520806
-0.0865176683949967
1.118874792293023
0.16534453822663434
-0.13076987095863457
-0.29242012846951454
0.315094042948441
-0.39627168084624775
-2.2004597868295988
0.24531284360780395
0.17402899424811663
-1.0481091766723185
0.4216107036452487
-0.4370123275450596
1.6303575714311487
1.3320814190099595
-0.2777463206264957
1.1673965247700284
0.25913525784378505
-0.007892117717947499
0.40901975045780187
0.4619619838060538
-0.7835043517161647
-1.5917710525731172
-1.4764547671881851
0.4886800740875438
-0.657722812536338
-1.4180738275641338
-0.17056035418600166
0.45409229720650535
0.9860890985670387
-0.23411249264710474
0.3191386874198105
-0.6171502555252073
-0.1424981860521955
0.2740025907302299
1.0787378713018252
2.318020731968428
0.30055430256345095
-0.8014976005824267
0.9887324608459322
-0.5601506276546236
-0.5651151892421158
-0.3457365743942584
-1.4112380363810644
0.01831160295791217
-1.3470932849260973
-1.4946825999642521
-0.5952337553926607
-0.49416601337819205
1.1254636347425737
0.9764582811528245
0.5782919071622917
-1.0118956955792875
-2.5824844583654256
-0.9350969577219805
-0.043183681385212516
0.5089915093372499
-1.129396310675986
1.266693266030902
-0.9994516836960475
-0.7282163693664373
-2.0601912920414036
-0.29210521605685774
-0.1907286160074114
