0.0014779929107592664,0.0008207808732884068
0.0008207808732884068,0.0007784189945760513
0.00023248269399524376,3.5515691818600746e-5
3.5515691818600746e-5,0.0001294674427223954
0.0019978888803098673,0.000982148811705856
0.000982148811705856,0.0008304511662049968
0.0002188103262598697,2.978423128024514e-5
2.978423128024514e-5,0.00012623829774640206
0.002052053249819596,0.0010065286639485867
0.0010065286639485867,0.0008176655569818861
0.0002291730722694652,2.8218378532686702e-5
2.8218378532686702e-5,0.00011244128556045084
