[0.0,0.0]	0.9802705736274144
[1.0,1.0]	0.015232826627029118
[1.0,0.0]	0.0033674818556384606
[0.0,1.0]	0.001129117889918053
[0.0,0.0]	0.9869751297310104
[1.0,1.0]	0.008877611350899086
[1.0,0.0]	0.0027695335820756015
[0.0,1.0]	0.0013777253360148782
[0.0,0.0]	0.9839256965326546
[1.0,1.0]	0.010430383393070656
[1.0,0.0]	0.004291248809734546
[0.0,1.0]	0.001352671264540115
[0.0,0.0]	0.9873465630846885
[1.0,1.0]	0.008682442454763942
[1.0,0.0]	0.0028944371567620783
[0.0,1.0]	0.0010765573037853713
[0.0,0.0]	0.9859029040101066
[1.0,1.0]	0.010645293637678764
[1.0,0.0]	0.002485121372885131
[0.0,1.0]	0.000966680979329524
[0.0,0.0]	0.9873178664407632
[1.0,1.0]	0.008996104832377016
[1.0,0.0]	0.0022842102946441785
[0.0,1.0]	0.00140181843221546
[0.0,0.0]	0.9833678537354276
[1.0,1.0]	0.01321338537249168
[1.0,0.0]	0.002223829064537889
[0.0,1.0]	0.0011949318275426713
[0.0,0.0]	0.9868500315714569
[1.0,1.0]	0.008604060770578539
[1.0,0.0]	0.00301069110486114
[0.0,1.0]	0.0015352165531035274
[0.0,0.0]	0.9831437425013286
[1.0,1.0]	0.011382682393509543
[1.0,0.0]	0.004093324888652788
[0.0,1.0]	0.0013802502165092274
[0.0,0.0]	0.987366368532917
[1.0,1.0]	0.00898938706489302
[1.0,0.0]	0.002849168334222559
[0.0,1.0]	0.0007950760679674634
[0.0,0.0]	0.9849814745002644
[1.0,1.0]	0.010906810099807504
[1.0,0.0]	0.002977981107682315
[0.0,1.0]	0.001133734292245893
[0.0,0.0]	0.9874043217734381
[1.0,1.0]	0.008987424698681483
[1.0,0.0]	0.002610030800950418
[0.0,1.0]	0.0009982227269300006
